group,function,value,sample_time_nanos,iteration_count
mktoc: tests/files/README_03.md,,,1080914.0,680
mktoc: tests/files/README_03.md,,,1869508.0,1360
mktoc: tests/files/README_03.md,,,2762417.0,2040
mktoc: tests/files/README_03.md,,,3706877.0,2720
mktoc: tests/files/README_03.md,,,4694765.0,3400
mktoc: tests/files/README_03.md,,,5474948.0,4080
mktoc: tests/files/README_03.md,,,6590026.0,4760
mktoc: tests/files/README_03.md,,,10151166.0,5440
mktoc: tests/files/README_03.md,,,9547394.0,6120
mktoc: tests/files/README_03.md,,,10764224.0,6800
mktoc: tests/files/README_03.md,,,10702541.0,7480
mktoc: tests/files/README_03.md,,,11755915.0,8160
mktoc: tests/files/README_03.md,,,12799572.0,8840
mktoc: tests/files/README_03.md,,,15021316.0,9520
mktoc: tests/files/README_03.md,,,15365540.0,10200
mktoc: tests/files/README_03.md,,,15621724.0,10880
mktoc: tests/files/README_03.md,,,17301520.0,11560
mktoc: tests/files/README_03.md,,,17136875.0,12240
mktoc: tests/files/README_03.md,,,18003026.0,12920
mktoc: tests/files/README_03.md,,,18282752.0,13600
mktoc: tests/files/README_03.md,,,21814898.0,14280
mktoc: tests/files/README_03.md,,,25111603.0,14960
mktoc: tests/files/README_03.md,,,23558342.0,15640
mktoc: tests/files/README_03.md,,,31725299.0,16320
mktoc: tests/files/README_03.md,,,33643065.0,17000
mktoc: tests/files/README_03.md,,,44332447.0,17680
mktoc: tests/files/README_03.md,,,40648971.0,18360
mktoc: tests/files/README_03.md,,,42500658.0,19040
mktoc: tests/files/README_03.md,,,34619218.0,19720
mktoc: tests/files/README_03.md,,,30212259.0,20400
mktoc: tests/files/README_03.md,,,34262341.0,21080
mktoc: tests/files/README_03.md,,,33968168.0,21760
mktoc: tests/files/README_03.md,,,34546834.0,22440
mktoc: tests/files/README_03.md,,,37699414.0,23120
mktoc: tests/files/README_03.md,,,40639895.0,23800
mktoc: tests/files/README_03.md,,,38514539.0,24480
mktoc: tests/files/README_03.md,,,36593257.0,25160
mktoc: tests/files/README_03.md,,,36736512.0,25840
mktoc: tests/files/README_03.md,,,41172161.0,26520
mktoc: tests/files/README_03.md,,,44698309.0,27200
mktoc: tests/files/README_03.md,,,40777223.0,27880
mktoc: tests/files/README_03.md,,,41699427.0,28560
mktoc: tests/files/README_03.md,,,41163359.0,29240
mktoc: tests/files/README_03.md,,,44440882.0,29920
mktoc: tests/files/README_03.md,,,44214380.0,30600
mktoc: tests/files/README_03.md,,,47442776.0,31280
mktoc: tests/files/README_03.md,,,46033369.0,31960
mktoc: tests/files/README_03.md,,,47209906.0,32640
mktoc: tests/files/README_03.md,,,48575306.0,33320
mktoc: tests/files/README_03.md,,,53831165.0,34000
mktoc: tests/files/README_03.md,,,50538314.0,34680
mktoc: tests/files/README_03.md,,,49895873.0,35360
mktoc: tests/files/README_03.md,,,55260045.0,36040
mktoc: tests/files/README_03.md,,,55436946.0,36720
mktoc: tests/files/README_03.md,,,53559638.0,37400
mktoc: tests/files/README_03.md,,,54234476.0,38080
mktoc: tests/files/README_03.md,,,57964209.0,38760
mktoc: tests/files/README_03.md,,,59539245.0,39440
mktoc: tests/files/README_03.md,,,65922557.0,40120
mktoc: tests/files/README_03.md,,,78719786.0,40800
mktoc: tests/files/README_03.md,,,68180281.0,41480
mktoc: tests/files/README_03.md,,,63747336.0,42160
mktoc: tests/files/README_03.md,,,59620071.0,42840
mktoc: tests/files/README_03.md,,,64572408.0,43520
mktoc: tests/files/README_03.md,,,66383405.0,44200
mktoc: tests/files/README_03.md,,,65527069.0,44880
mktoc: tests/files/README_03.md,,,67409581.0,45560
mktoc: tests/files/README_03.md,,,68673841.0,46240
mktoc: tests/files/README_03.md,,,68822438.0,46920
mktoc: tests/files/README_03.md,,,70910458.0,47600
mktoc: tests/files/README_03.md,,,70618759.0,48280
mktoc: tests/files/README_03.md,,,71416479.0,48960
mktoc: tests/files/README_03.md,,,78060608.0,49640
mktoc: tests/files/README_03.md,,,75916243.0,50320
mktoc: tests/files/README_03.md,,,78662779.0,51000
mktoc: tests/files/README_03.md,,,73316826.0,51680
mktoc: tests/files/README_03.md,,,74169170.0,52360
mktoc: tests/files/README_03.md,,,93172805.0,53040
mktoc: tests/files/README_03.md,,,97118928.0,53720
mktoc: tests/files/README_03.md,,,89047961.0,54400
mktoc: tests/files/README_03.md,,,83497859.0,55080
mktoc: tests/files/README_03.md,,,83341462.0,55760
mktoc: tests/files/README_03.md,,,84623624.0,56440
mktoc: tests/files/README_03.md,,,108019490.0,57120
mktoc: tests/files/README_03.md,,,99294872.0,57800
mktoc: tests/files/README_03.md,,,104995800.0,58480
mktoc: tests/files/README_03.md,,,89788800.0,59160
mktoc: tests/files/README_03.md,,,87283492.0,59840
mktoc: tests/files/README_03.md,,,89123937.0,60520
mktoc: tests/files/README_03.md,,,90346884.0,61200
mktoc: tests/files/README_03.md,,,92807685.0,61880
mktoc: tests/files/README_03.md,,,90951861.0,62560
mktoc: tests/files/README_03.md,,,94262548.0,63240
mktoc: tests/files/README_03.md,,,113482012.0,63920
mktoc: tests/files/README_03.md,,,100332524.0,64600
mktoc: tests/files/README_03.md,,,99766065.0,65280
mktoc: tests/files/README_03.md,,,98750344.0,65960
mktoc: tests/files/README_03.md,,,96763790.0,66640
mktoc: tests/files/README_03.md,,,98256179.0,67320
mktoc: tests/files/README_03.md,,,100605747.0,68000
